-0.012920
-0.014510
-0.016280
-0.020430
-0.022840
-0.028440
-0.031670
-0.035230
-0.039140
-0.043420
-0.048120
-0.058860
-0.064970
-0.078860
-0.086710
-0.095220
-0.104420
-0.114370
-0.125100
-0.149090
-0.162430
-0.192040
-0.208390
-0.225830
-0.244400
-0.264130
-0.285070
-0.330700
-0.355440
-0.408910
-0.437670
-0.467780
-0.499260
-0.532100
-0.566280
-0.638580
-0.676630
-0.756300
-0.797790
-0.840280
-0.883680
-0.927900
-0.972810
-1.064210
-1.110420
-1.203050
-1.249120
-1.294780
-1.339820
-1.384030
-1.427190
-1.509470
-1.548110
-1.619200
-1.651160
-1.680400
-1.706680
-1.729760
-1.749410
-1.777540
-1.785590
-1.788730
-1.783480
-1.773490
-1.758650
-1.738850
-1.714020
-1.649120
-1.609020
-1.513720
-1.458660
-1.398830
-1.334370
-1.265460
-1.192320
-1.034330
-0.950050
-0.772520
-0.679990
-0.585460
-0.489340
-0.392050
-0.294020
-0.097540
0.000000
0.191380
0.284320
0.374830
0.462470
0.546830
0.627510
0.776320
0.843750
0.963170
1.014630
1.060300
1.100000
1.133590
1.160970
1.196870
1.205360
1.203670
1.193680
1.177790
1.156170
1.129050
1.096660
1.017200
0.970750
0.866050
0.808540
0.748090
0.685080
0.619900
0.552960
0.415360
0.345470
0.205430
0.135990
0.067410
0.000000
-0.065930
-0.130090
-0.252070
-0.309430
-0.415890
-0.464670
-0.510310
-0.552720
-0.591800
-0.627520
-0.688740
-0.714240
-0.755170
-0.770720
-0.783090
-0.792390
-0.798710
-0.802180
-0.801090
-0.796820
-0.781580
-0.770930
-0.758460
-0.744340
-0.728740
-0.711800
-0.674570
-0.654560
-0.612510
-0.590730
-0.568610
-0.546280
-0.523840
-0.501400
-0.456880
-0.434980
-0.392240
-0.371530
-0.351320
-0.331680
-0.312620
-0.294190
-0.259280
-0.242850
-0.212050
-0.197700
-0.184050
-0.171080
-0.158790
-0.147170
-0.125860
-0.116140
-0.098470
-0.090480
-0.083020
-0.076070
-0.069610
-0.063600
-0.052880
-0.048120
-0.039690
-0.035970
-0.032560
-0.029430
-0.026560
-0.023950
-0.019380
-0.017410
-0.013980
-0.012500
-0.011170
-0.009960
